3.1415926535897932384626433832795028841971693993751058209749445923
0781640628620899862803482534211706798214808651328230664709384460
9550582231725359408128481117450284102701938521105559644622948954930
38196442881097566593344612847564823378678316527120190914564856692346034
861045432664821339360726024914127372458700660631558817488152092096282925
4091715364367892590360011330530548820466521384146951941511609433057270365
7595919530921861173819326117931051185480744623799627495673518857527248912
2793818301194912983367336244065664308602139494639522473719070217986094370
27705392171762931767523846748184676694051320005681271452635608277857713427
57789609173637178721468440901224953430146549585371050792279689258923542019
9561121290219608640344181598136297747713099605187072113499999983729780499
51059731732816096318595024459455346908302642522308253344685035261931188171
01000313783875288658753320838142061717766914730359825349042875546873115956
28638823537875937519577818577805321712268066130019278766111959092164201989
38095257201065485863278865936153381827968230301952035301852968995773622599
41389124972177528347913151557485724245415069595082953311686172785588907509
83817546374649393192550604009277016711390098488240128583616035637076601047
10181942955596198946767837449448255379774726847104047534646208046684259069
49129331367702898915210475216205696602405803815019351125338243003558764024
749647326391419927260426992279678235478163600934172164121
9924586315030286182974555706749838505494588586926995690927210797509302955
321165344987202755960236480665499119881834797753566369807426